======================================
    IID: 1
    Dataset: cifar
    Model: resnet
    Model Init: None
    Aggregation Function: avg
    Attack method: badnet
    Attack tau: 0.001
    Fraction of malicious agents: 10.0%
    Poison Frac: 1.0
    Backdoor From -1 to 5
    Attack Begin: 0
    Trigger Shape: square
    Trigger Position X: 27
    Trigger Position Y: 27
    Number of agents: 100
    Fraction of agents each turn: 10(10.0%)
    Local batch size: 64
    Local epoch: 2
    Client_LR: 0.1
    Client_Momentum: 0.9
    Global Rounds: 200
======================================
main_task_accuracy=[0, 10.0, 10.0, 12.4399995803833, 28.459999084472656, 33.959999084472656, 33.869998931884766, 38.959999084472656, 37.119998931884766, 41.369998931884766, 41.43000030517578, 44.75, 43.77000045776367, 46.029998779296875, 46.650001525878906, 48.34000015258789, 49.31999969482422, 51.470001220703125, 51.619998931884766, 50.970001220703125, 53.29999923706055, 53.41999816894531, 55.06999969482422, 56.279998779296875, 57.900001525878906, 58.27000045776367, 59.290000915527344, 59.880001068115234, 60.7599983215332, 61.79999923706055, 62.029998779296875, 62.72999954223633, 63.2599983215332, 64.4800033569336, 64.80000305175781, 64.72000122070312, 66.3499984741211, 64.6500015258789, 67.11000061035156, 63.560001373291016, 68.0999984741211, 67.80000305175781, 69.88999938964844, 68.1500015258789, 69.51000213623047, 69.01000213623047, 70.58999633789062, 68.55999755859375, 70.43000030517578, 71.11000061035156, 72.26000213623047, 70.88999938964844, 69.73999786376953, 70.95999908447266, 72.55000305175781, 72.88999938964844, 73.19999694824219, 71.0999984741211, 74.18000030517578, 72.36000061035156, 73.08000183105469, 71.93000030517578, 72.66000366210938, 74.36000061035156, 72.66000366210938, 72.33999633789062, 73.81999969482422, 73.76000213623047, 72.58000183105469, 72.45999908447266, 75.93000030517578, 72.45999908447266, 75.13999938964844, 74.41999816894531, 72.30999755859375, 74.12000274658203, 75.5, 73.62999725341797, 75.69999694824219, 72.08000183105469, 75.94000244140625, 76.05000305175781, 75.79000091552734, 75.86000061035156, 74.98999786376953, 75.58999633789062, 75.31999969482422, 76.58999633789062, 75.3499984741211, 76.25, 74.80999755859375, 75.83000183105469, 74.83000183105469, 76.66999816894531, 77.61000061035156, 76.94000244140625, 74.9000015258789, 77.27999877929688, 74.77999877929688, 76.91000366210938, 77.19000244140625, 76.11000061035156, 77.4800033569336, 76.68000030517578, 77.56999969482422, 77.80999755859375, 76.18000030517578, 77.08999633789062, 76.27999877929688, 77.83000183105469, 77.47000122070312, 76.05000305175781, 77.58999633789062, 75.91999816894531, 77.66999816894531, 75.22000122070312, 78.3499984741211, 77.06999969482422, 77.7300033569336, 77.88999938964844, 77.30000305175781, 75.19000244140625, 78.44999694824219, 78.16999816894531, 78.12000274658203, 77.58000183105469, 78.06999969482422, 78.16000366210938, 76.77999877929688, 76.94999694824219, 78.77999877929688, 77.73999786376953, 78.13999938964844, 78.1500015258789, 77.5, 78.80000305175781, 78.63999938964844, 78.19999694824219, 78.45999908447266, 77.83000183105469, 78.52999877929688, 78.2300033569336, 78.88999938964844, 78.33999633789062, 78.88999938964844, 78.44999694824219, 77.87000274658203, 78.73999786376953, 78.61000061035156, 78.13999938964844, 78.16000366210938, 78.62999725341797, 78.87999725341797, 78.27999877929688, 78.93000030517578, 79.18000030517578, 79.05999755859375, 78.75, 78.19000244140625, 79.16999816894531, 79.01000213623047, 78.97000122070312, 78.94999694824219, 78.8499984741211, 79.11000061035156, 79.06999969482422, 78.81999969482422, 78.88999938964844, 78.98999786376953, 78.54000091552734]
backdoor_accuracy=[0, 0.0, 99.9888888888889, 85.96666666666667, 23.055555555555557, 22.522222222222222, 19.344444444444445, 15.966666666666667, 12.955555555555556, 7.366666666666666, 10.644444444444444, 8.422222222222222, 6.344444444444444, 8.133333333333333, 10.166666666666666, 13.544444444444444, 14.433333333333334, 7.955555555555556, 11.0, 10.322222222222223, 4.788888888888889, 12.966666666666667, 7.055555555555555, 9.811111111111112, 6.277777777777778, 8.377777777777778, 5.311111111111111, 5.688888888888889, 10.733333333333333, 2.7111111111111112, 10.4, 4.977777777777778, 7.877777777777778, 10.066666666666666, 6.677777777777778, 7.655555555555556, 9.188888888888888, 7.388888888888889, 16.755555555555556, 5.766666666666667, 17.855555555555554, 7.5, 14.766666666666667, 10.155555555555555, 19.122222222222224, 12.5, 20.944444444444443, 16.288888888888888, 14.677777777777777, 29.166666666666668, 27.211111111111112, 19.68888888888889, 29.07777777777778, 24.366666666666667, 29.122222222222224, 30.3, 41.78888888888889, 20.533333333333335, 40.9, 25.788888888888888, 35.48888888888889, 41.71111111111111, 33.077777777777776, 43.022222222222226, 37.08888888888889, 43.644444444444446, 45.94444444444444, 39.888888888888886, 43.25555555555555, 37.44444444444444, 56.577777777777776, 31.544444444444444, 55.75555555555555, 39.18888888888889, 44.233333333333334, 47.833333333333336, 54.65555555555556, 36.48888888888889, 69.61111111111111, 20.433333333333334, 57.81111111111111, 58.422222222222224, 62.98888888888889, 50.22222222222222, 53.266666666666666, 44.455555555555556, 62.08888888888889, 62.53333333333333, 54.044444444444444, 53.22222222222222, 44.84444444444444, 64.34444444444445, 32.71111111111111, 49.355555555555554, 52.544444444444444, 65.56666666666666, 48.93333333333333, 54.53333333333333, 55.611111111111114, 58.48888888888889, 54.422222222222224, 44.955555555555556, 56.422222222222224, 60.4, 44.96666666666667, 62.34444444444444, 46.63333333333333, 59.9, 45.855555555555554, 62.71111111111111, 60.25555555555555, 53.0, 64.31111111111112, 45.477777777777774, 75.38888888888889, 42.955555555555556, 71.74444444444444, 51.48888888888889, 64.32222222222222, 72.64444444444445, 59.75555555555555, 39.65555555555556, 71.75555555555556, 71.58888888888889, 54.06666666666667, 51.65555555555556, 73.24444444444444, 58.44444444444444, 67.15555555555555, 54.87777777777778, 62.388888888888886, 62.544444444444444, 70.54444444444445, 64.42222222222222, 64.03333333333333, 68.9, 72.14444444444445, 63.21111111111111, 66.65555555555555, 57.41111111111111, 69.9888888888889, 63.56666666666667, 72.52222222222223, 57.522222222222226, 69.34444444444445, 70.15555555555555, 53.4, 71.65555555555555, 75.78888888888889, 70.96666666666667, 69.52222222222223, 71.56666666666666, 70.08888888888889, 66.0, 78.84444444444445, 64.73333333333333, 72.93333333333334, 72.56666666666666, 52.766666666666666, 70.43333333333334, 76.84444444444445, 70.45555555555555, 64.95555555555555, 66.07777777777778, 72.53333333333333, 69.84444444444445, 70.42222222222222, 65.72222222222223, 71.08888888888889, 70.16666666666667]